1
1
1
1
1
1
1
1
1
1
1
1
1
1
1
1
1
1
1
1
1
1
1
1
1
1
1
1
1
1
1
1
1
1
1
1
1
1
1
1
1
1
1
1
1
1
1
1
1
1
3
3
4
5
5
7
6
6
6
6
6
7
8
6
7
6
6
5
5
6
8
5
5
8
6
6
8
8
6
6
5
5
7
5
4
4
4
4
4
4
4
4
6
4
4
4
4
4
4
4
3
5
7
6
6
7
6
5
7
8
7
7
7
6
10
9
9
9
9
8
10
11
9
8
10
13
11
12
9
9
12
10
10
11
15
14
13
16
16
16
15
14
16
14
13
12
12
11
11
10
11
10
9
13
15
17
15
15
13
15
17
15
15
14
18
16
20
20
17
18
18
18
21
21
20
22
19
20
20
23
27
22
28
28
27
26
29
27
28
30
25
27
34
26
30
30
28
27
30
29
32
31
34
33
33
35
35
35
36
34
30
36
33
41
34
38
39
39
42
36
42
44
40
39
38
44
41
45
44
41
46
50
50
47
50
45
54
50
48
43
49
44
46
46
47
44
48
46
51
53
53
46
53
48
53
46
47
50
53
50
48
52
52
1
1
1
1
1
1
1
2
2
3
3
3
3
3
3
3
4
4
4
4
4
4
4
4
4
5
6
5
5
5
5
6
6
6
5
6
5
5
7
4
3
3
3
2
2
2
2
2
2
3
4
5
4
5
4
5
6
5
5
5
4
4
4
4
4
4
5
4
4
4
4
4
6
7
7
5
5
5
7
7
7
7
8
11
10
7
9
9
10
10
9
8
9
9
8
11
10
11
12
12
11
10
14
11
14
12
13
14
13
14
15
16
17
17
18
17
19
15
18
16
17
20
19
18
20
21
23
23
22
22
21
19
26
24
27
27
28
26
24
24
26
27
26
21
26
26
24
25
26
33
32
30
31
31
30
29
34
30
33
32
28
33
33
33
37
33
35
34
32
38
39
37
37
36
35
35
40
36
38
38
37
39
38
39
38
39
38
42
40
35
42
44
36
38
40
46
41
39
41
40
47
45
46
43
42
46
43
45
42
45
46
48
46
50
52
42
51
49
51
52
51
50
50
44
47
53
53
52
46
47
50
48
46
45
50
1
1
1
1
1
1
2
2
2
2
2
2
2
2
2
2
2
2
2
2
2
3
2
2
3
4
4
4
4
4
5
8
6
6
6
6
6
6
7
7
5
5
5
5
6
6
7
7
8
7
10
7
6
5
6
6
5
6
6
5
7
6
7
7
8
6
6
7
6
5
5
7
8
7
7
7
6
6
6
6
7
7
6
7
7
5
6
6
4
3
3
3
3
3
2
2
2
2
2
2
2
2
2
2
1
1
1
1
1
1
1
1
1
1
1
50
49
49
50
51
47
55
53
52
49
52
55
47
52
47
48
50
47
50
47
43
43
51
43
43
47
45
43
42
42
41
48
43
41
49
40
44
41
40
41
47
40
39
38
40
40
39
41
37
40
39
38
40
38
42
35
31
29
34
33
33
30
32
30
33
32
31
32
33
30
31
29
33
29
32
31
27
28
27
25
25
25
25
26
25
22
24
22
22
19
19
21
21
19
23
17
19
22
21
24
19
22
18
17
21
21
21
19
20
22
21
20
19
18
16
13
14
13
13
10
11
12
12
10
12
9
9
13
11
13
12
12
11
10
8
8
9
8
8
6
7
6
6
4
6
6
6
8
6
5
6
5
6
6
4
5
4
5
5
3
4
4
4
6
5
6
7
6
3
4
4
6
7
5
5
6
4
-1
5
7
5
6
5
6
6
8
6
5
6
5
4
5
4
4
4
4
4
2
2
2
2
2
2
2
2
2
2
2
2
2
2
2
2
2
2
1
1
1
1
1
1
1
1
1
1
52
55
49
45
55
51
46
48
49
49
42
53
46
43
41
45
40
42
34
40
37
35
40
37
42
40
38
41
35
41
43
45
47
43
48
44
47
47
52
43
47
47
45
44
45
59
1
1
1
1
1
1
1
1
1
1
1
1
2
2
2
2
2
2
2
2
2
2
2
2
2
2
2
2
2
2
2
2
2
2
2
2
2
2
2
2
2
4
4
3
4
4
5
3
4
4
4
4
5
4
4
4
3
4
6
4
5
3
3
3
7
6
8
7
5
7
8
9
6
8
10
9
12
15
15
14
19
19
24
23
21
22
22
22
24
23
27
25
27
34
27
25
26
32
27
28
31
31
27
32
31
36
36
37
32
39
38
32
36
39
42
39
46
43
54
38
44
41
45
43
39
47
49
46
47
52
49
50
44
51
48
55
53
47
46
51
53
48
48
62
48
57
55
47
49
49
1
1
1
1
1
1
1
1
1
1
2
2
3
3
3
4
2
4
4
4
3
3
3
3
3
3
4
3
3
3
3
3
3
5
4
4
4
4
4
5
5
5
5
5
5
3
3
3
3
3
3
3
4
2
2
2
2
2
2
2
2
2
2
2
2
2
2
2
2
2
2
2
2
2
2
2
2
2
2
2
2
2
2
2
2
2
2
1
1
1
1
1
1
1
51
56
48
48
52
54
49
43
52
43
50
41
48
44
47
50
40
47
43
42
42
43
35
37
35
47
34
36
38
42
33
39
27
34
30
36
35
36
32
33
33
28
31
35
30
33
27
27
28
30
29
25
29
31
26
24
24
25
22
23
21
23
25
27
24
19
23
18
20
21
18
18
20
18
18
18
22
17
19
18
14
16
17
15
15
20
16
16
15
12
14
13
11
14
10
10
10
11
11
6
9
12
7
9
8
9
11
8
9
9
10
9
8
8
6
6
4
4
3
3
4
4
4
4
3
3
2
2
2
2
2
2
2
2
2
2
2
2
3
2
2
2
2
2
2
2
2
2
2
2
2
2
2
2
2
2
2
1
1
1
1
1
1
1
1
1
1
1
1
60
49
53
51
63
54
52
55
51
49
52
56
49
56
50
50
50
45
49
47
48
46
44
43
46
47
45
52
50
37
46
42
43
40
43
33
38
37
37
45
38
37
31
32
30
37
32
32
31
30
30
