21
26
21
23
23
26
19
23
23
19
23
29
24
25
25
29
31
31
29
27
30
29
24
28
26
29
24
27
28
29
27
32
29
31
35
32
34
33
35
30
36
31
37
30
36
35
32
30
37
36
34
33
38
34
36
33
35
35
37
36
33
38
38
36
36
1
1
1
2
2
4
4
5
6
6
5
4
5
5
6
5
6
7
7
6
7
7
8
8
6
11
9
8
11
12
10
12
13
15
14
15
15
13
16
15
16
15
18
18
19
19
17
21
21
21
23
21
20
18
22
22
19
19
22
19
23
24
21
22
22
23
25
23
26
26
26
24
24
26
23
25
22
26
24
25
27
28
24
28
23
24
25
24
23
28
26
31
26
27
29
30
31
32
33
29
28
28
27
29
29
29
29
30
30
32
33
34
34
37
35
37
33
33
34
35
34
34
37
37
33
34
34
38
35
35
34
34
31
32
26
31
31
27
30
31
26
32
30
31
28
32
27
29
27
30
25
30
29
25
30
29
26
27
29
28
29
24
28
28
32
31
31
30
35
37
34
33
35
28
30
35
34
36
32
35
36
34
32
36
35
33
32
35
31
30
31
34
36
32
35
33
33
34
33
34
33
32
37
1
2
2
3
4
4
4
5
4
5
6
5
6
4
5
6
7
7
3
5
4
4
4
5
4
7
6
6
7
4
4
3
5
3
4
6
5
5
8
8
7
10
6
12
8
9
10
11
13
14
18
19
20
15
20
19
18
17
18
23
16
14
17
16
21
18
20
21
20
19
19
18
21
19
19
20
20
20
17
21
21
18
19
19
20
21
21
22
22
22
22
22
25
25
23
26
29
27
25
28
26
26
24
25
25
25
27
27
24
30
27
28
28
31
29
29
28
30
30
28
29
32
31
31
33
33
34
35
35
35
31
37
34
39
36
33
36
36
32
37
36
37
32
35
32
35
33
32
29
29
34
32
31
33
32
33
36
30
34
34
33
31
31
30
29
27
25
26
30
27
26
24
25
23
26
23
23
23
26
23
27
24
26
24
26
23
25
21
24
21
22
22
22
21
24
20
22
20
19
18
16
20
21
23
19
21
21
19
19
20
17
19
13
19
19
21
16
17
20
18
19
15
21
19
19
18
17
21
17
16
21
17
19
16
15
17
19
19
18
21
16
16
16
17
14
12
18
11
13
15
10
14
12
11
8
10
8
8
8
7
7
5
5
5
4
4
3
3
4
3
3
3
3
6
3
3
3
4
3
2
1
1
1
1
39
34
36
34
31
33
32
29
31
32
31
33
32
32
37
34
32
33
35
35
34
35
33
32
34
34
31
31
28
32
34
28
31
31
28
30
28
25
29
31
29
33
30
27
31
28
26
29
27
27
29
30
30
27
30
29
32
32
29
26
30
27
27
23
23
24
23
29
24
23
25
22
24
24
23
25
25
26
25
22
19
20
22
21
20
22
20
18
23
19
18
19
20
18
19
19
22
17
21
18
19
20
20
15
15
17
15
18
17
17
19
16
15
15
15
13
12
12
15
12
15
13
13
14
11
14
11
10
11
11
12
10
14
14
18
17
