1
1
1
1
1
1
1
1
1
1
1
1
1
1
1
1
1
1
1
1
1
1
1
1
1
1
1
1
1
1
1
1
1
1
1
1
1
1
1
1
1
1
1
1
1
1
1
1
1
1
1
1
1
1
1
1
1
1
1
1
1
1
1
1
1
1
1
1
1
1
1
1
1
1
1
1
1
1
1
1
1
1
1
1
1
1
1
1
1
1
1
3
3
3
3
3
4
4
4
4
4
5
5
5
5
5
5
5
5
5
5
5
5
6
6
5
5
5
5
5
6
6
6
6
6
6
6
7
7
7
7
7
7
7
7
5
5
5
7
7
5
7
7
7
7
6
6
6
7
7
7
7
7
7
7
7
7
6
6
7
7
8
6
7
8
8
8
8
6
9
9
9
12
15
13
15
14
14
15
12
11
12
12
12
13
14
11
10
10
5
6
6
6
7
9
5
8
6
11
9
9
11
10
10
13
12
15
14
11
11
15
9
10
8
13
14
16
15
14
14
14
18
15
15
14
18
19
18
19
20
22
16
20
18
20
19
19
19
18
18
19
20
21
19
21
21
16
19
21
22
19
24
20
21
23
24
22
26
26
28
26
28
26
26
22
25
26
26
27
25
27
25
31
30
29
28
26
28
29
29
32
31
28
33
30
27
31
32
32
36
29
31
33
36
33
32
37
37
35
34
38
31
32
34
38
34
38
36
38
36
34
36
39
36
40
38
33
41
40
37
38
38
41
40
36
38
33
35
36
33
32
34
30
36
33
32
32
35
33
31
39
32
38
37
36
37
39
40
43
35
44
45
46
45
44
48
49
50
47
47
46
46
48
46
47
49
43
43
45
55
48
48
53
49
54
58
46
51
52
47
53
53
53
53
57
53
50
55
53
51
55
52
52
54
55
51
55
53
52
53
52
51
54
1
1
1
1
1
1
1
1
1
1
1
1
1
1
2
2
2
2
2
2
2
2
2
2
2
2
2
2
2
2
2
2
1
1
1
1
1
1
1
1
1
1
1
1
1
1
1
1
1
1
1
1
1
1
1
1
1
1
1
1
1
1
2
2
2
2
2
2
2
2
2
2
2
3
3
4
4
4
4
4
4
4
4
4
4
4
4
4
5
5
4
4
4
4
4
4
4
4
4
4
4
4
4
4
4
4
5
4
4
4
4
5
5
5
6
6
6
7
7
7
8
8
8
8
8
8
8
9
8
8
9
9
9
9
9
9
9
9
9
9
10
10
10
10
10
10
9
9
9
9
9
9
12
10
13
9
10
10
10
9
9
8
8
11
9
8
9
10
9
10
14
12
16
16
14
16
16
16
15
14
15
14
16
15
13
14
10
13
13
11
12
14
11
14
13
13
12
11
9
8
8
8
9
7
6
6
6
6
6
7
7
7
7
7
6
6
6
6
6
6
6
4
6
4
3
5
4
5
5
4
4
4
4
4
4
3
3
3
3
3
3
3
3
4
3
3
3
2
2
2
1
1
1
1
1
1
1
1
1
1
1
1
1
1
1
1
1
1
52
44
46
50
45
50
43
48
43
51
49
46
44
43
48
48
45
47
45
49
43
46
52
40
46
50
48
44
46
37
42
45
44
39
47
43
41
43
41
38
46
39
38
39
37
36
39
35
41
40
40
41
38
31
38
39
38
39
38
40
31
37
34
32
38
33
36
39
36
36
33
27
33
32
36
30
33
30
26
32
28
32
32
29
33
26
27
26
25
26
25
21
24
26
26
24
30
25
24
23
26
25
25
26
22
23
22
21
24
19
19
16
18
17
17
17
15
18
19
17
19
15
18
20
20
18
15
18
14
17
15
17
18
13
17
16
15
17
17
17
16
18
18
18
16
19
17
17
19
18
13
19
18
17
13
16
14
14
15
16
16
16
15
14
16
15
15
13
14
12
10
11
11
12
9
8
8
7
6
6
6
4
4
3
3
3
3
4
3
2
2
2
2
2
2
2
2
2
2
2
2
2
2
3
3
3
3
3
3
3
3
3
3
3
4
4
4
4
4
5
5
5
4
5
5
6
6
6
5
5
5
5
5
4
4
4
3
5
5
4
5
5
5
5
4
4
3
3
3
3
2
2
1
1
1
1
1
1
1
1
1
1
1
1
1
1
1
1
1
1
1
1
1
1
51
47
50
52
49
49
54
47
54
55
48
48
56
50
48
45
51
43
56
48
52
47
52
44
45
53
45
47
52
47
56
1
1
1
1
1
1
1
1
1
1
1
1
53
55
44
52
48
44
48
48
44
51
48
46
52
45
51
51
46
49
39
44
49
49
43
48
48
46
56
46
46
42
49
46
50
46
40
43
37
42
42
40
44
40
35
45
43
41
38
45
42
40
45
38
36
34
38
35
32
29
36
31
30
29
32
31
30
28
28
32
35
28
28
32
30
31
31
31
26
29
27
30
29
29
28
22
23
27
23
25
22
20
22
20
21
19
19
17
18
20
22
20
17
22
19
18
19
19
18
20
20
18
17
21
16
19
19
19
21
21
20
25
20
20
19
19
22
22
20
20
20
20
18
22
21
21
16
16
21
17
18
19
22
17
17
17
16
15
13
11
11
12
10
9
7
10
9
7
10
11
11
9
9
12
12
12
12
14
10
11
12
13
11
13
13
11
10
11
13
15
11
14
12
9
11
8
10
7
5
4
5
3
3
3
3
3
3
3
4
4
4
4
3
3
2
2
2
2
2
2
2
2
2
2
2
2
2
2
2
2
2
2
3
3
3
2
1
1
1
1
1
1
1
1
1
1
1
1
1
1
1
1
1
1
1
1
1
1
1
1
1
46
40
1
1
39
1
1
44
1
1
48
1
1
44
1
1
42
44
1
1
1
1
1
1
1
1
1
1
38
1
1
42
1
1
1
34
1
1
1
1
1
44
35
1
1
35
1
1
48
1
1
1
1
1
1
46
1
1
43
40
1
1
41
33
1
1
39
42
40
39
39
42
41
40
39
43
39
39
46
33
39
33
35
29
27
31
27
28
26
29
28
29
24
25
24
26
23
22
20
21
19
22
18
19
18
18
16
14
14
16
18
14
15
13
13
16
14
12
12
12
9
11
13
